0.0 0.00699982643127 0.0 0.00499987602234
0.0 1.41539955139 0.0 1.00599980354
0.0 4.22379927635 0.0 2.00599980354
0.0 8.43359923363 0.0 3.00699996948
0.0 14.0433991909 0.0 4.00699996948
0.0 21.0545990467 0.0 5.007999897
0.0 29.467198801 0.0 6.00899982452
0.0 39.2797985554 0.0 7.00899982452
0.0 50.4923983097 0.0 8.00899982452
0.0 63.104998064 0.0 9.00899982452
0.0 77.1189980507 0.0 10.0099999905
0.0 92.5343979359 0.0 11.010999918
0.0 109.349797821 0.0 12.010999918
0.0 127.569397736 0.0 13.013999939
0.0 147.18899765 0.0 14.013999939
0.0 168.225397348 0.0 15.0259997845
0.0 190.663197279 0.0 16.0269999504
0.0 214.50099721 0.0 17.0269999504
0.703407118547 223.516497159 0.01 18.0309998989
2.25145546034 233.031997108 0.02 19.0309998989
4.80058780896 243.047497058 0.03 20.0309998989
8.52368716211 253.563496971 0.04 21.0319998264
13.6118391695 264.581996942 0.05 22.0369999409
20.2800965186 276.11299684 0.06 23.0619997978
28.751110519 288.144496822 0.07 24.0629999638
39.2731281789 300.675996804 0.08 25.0629999638
52.1162026009 313.707496786 0.09 26.0629999638
67.5729509631 327.238996768 0.1 27.0629999638
85.9602837715 341.270996714 0.11 28.0639998913
107.618529703 355.802996659 0.12 29.0639998913
132.915170338 370.835496569 0.13 30.0649998188
162.246762674 386.369996572 0.14 31.0690000057
196.032270735 402.404996538 0.15 32.0699999332
234.720852037 418.939996505 0.16 33.0699999332
278.792507814 435.974996471 0.17 34.0699999332
328.759665869 453.510496402 0.18 35.0709998608
385.165615417 471.546496296 0.19 36.0719997883
448.58495085 490.08249619 0.2 37.0719997883
519.627781035 509.118496084 0.21 38.0719997883
598.941457053 528.654996061 0.22 39.0729999542
687.226109065 548.695995951 0.23 40.0819997787
785.184803366 569.237495923 0.24 41.0829999447
893.572508101 590.278995895 0.25 42.0829999447
1013.18860235 611.820995831 0.26 43.0839998722
1144.8674192 633.862995768 0.27 44.0839998722
1289.49061392 656.405495667 0.28 45.0849997997
1447.97959296 679.44849565 0.29 46.0859999657
1621.29553302 702.991495633 0.3 47.0859999657
1810.45145442 727.03499558 0.31 48.0869998932
2016.50261202 751.57899549 0.32 49.0879998207
2240.55098416 776.623495483 0.33 50.0889999866
2483.74140731 802.167995477 0.34 51.0889999866
2747.27689669 828.212995434 0.35 52.0909998417
3032.40586392 854.758495355 0.36 53.0909998417
3340.45111624 881.806495333 0.37 54.0959999561
3672.74258292 909.354995275 0.38 55.0969998837
4019.97435315 909.354995275 0.39 56.0979998112
4382.47050068 909.354995275 0.4 57.0999999046
4760.53605144 909.354995275 0.41 58.0999999046
5154.49507595 909.354995275 0.42 59.1009998322
5564.65847177 909.354995275 0.43 60.1009998322
5991.35062667 909.354995275 0.44 61.1019999981
6434.88925884 909.354995275 0.45 62.1029999256
6895.58478697 909.354995275 0.46 63.1029999256
7373.76207043 909.354995275 0.47 64.1039998531
7756.07342925 909.354995275 0.37 65.1039998531
8039.34780379 909.354995275 0.27 66.1049997807
8220.40694692 909.354995275 0.17 67.1059999466
8296.07178902 909.354995275 0.07 68.1059999466
8296.07178902 909.354995275 0.0 69.1059999466
8296.07178902 909.354995275 0.0 70.1069998741
8296.07178902 909.354995275 0.0 71.1069998741
8296.07178902 909.354995275 0.0 72.1079998016
8296.07178902 909.354995275 0.0 73.1099998951
8296.07178902 909.354995275 0.0 74.118999958
8296.07178902 909.354995275 0.0 75.1199998856
8296.07178902 909.354995275 0.0 76.1209998131
8296.07178902 909.354995275 0.0 77.121999979
8296.07178902 909.354995275 0.0 78.1229999065
8296.07178902 909.354995275 0.0 79.126999855
8296.07178902 909.354995275 0.0 80.126999855
8296.07178902 909.354995275 0.0 81.1279997826
8296.07178902 909.354995275 0.0 82.1289999485
8296.07178902 909.354995275 0.0 83.129999876
8296.07178902 909.354995275 0.0 84.1309998035
8296.07178902 909.354995275 0.0 85.1309998035
8296.07178902 909.354995275 0.0 86.1319999695
8296.07178902 909.354995275 0.0 87.132999897
8296.07178902 909.354995275 0.0 88.132999897
8296.07178902 909.354995275 0.0 89.1339998245
8296.07178902 909.354995275 0.0 90.1369998455
8296.07178902 909.354995275 0.0 91.1369998455
8296.07178902 909.354995275 0.0 92.1369998455
8296.07178902 909.354995275 0.0 93.137999773
8281.25387832 901.823555284 -0.01 94.1429998875
8251.55573695 894.212035298 -0.02 95.143999815
8206.92751559 886.520515313 -0.03 96.143999815
8147.32894125 878.748675313 -0.04 97.1489999294
8072.73563311 870.896755319 -0.05 98.1489999294
7983.13433215 862.96475533 -0.06 99.1499998569
7878.52446168 854.952675347 -0.07 100.150999784
7758.91946628 846.860595365 -0.08 101.150999784
7624.34358677 838.688435369 -0.09 102.15199995
7474.83672977 830.436275373 -0.1 103.15199995
7310.45095912 822.104115376 -0.11 104.15199995
7131.24847321 813.691795392 -0.12 105.153999805
6937.30987959 805.199395394 -0.13 106.154999971
6728.72806566 796.626915402 -0.14 107.155999899
6505.61198365 787.97443541 -0.15 108.155999899
6268.08293707 779.241955419 -0.16 109.155999899
6016.27431545 770.429395432 -0.17 110.156999826
5750.336099 761.536755433 -0.18 111.157999992
5470.43296537 752.564035439 -0.19 112.15899992
5176.74701943 743.511315446 -0.2 113.15899992
4869.47033193 734.378515458 -0.21 114.159999847
4548.80442163 725.165395474 -0.22 115.163999796
4214.98251864 715.872195477 -0.23 116.164999962
3868.23655498 706.498675485 -0.24 117.16899991
3508.83157005 697.045075498 -0.25 118.169999838
3137.04293042 687.511475511 -0.26 119.169999838
2753.15591645 677.89779551 -0.27 120.171000004
2385.73777572 668.204035516 -0.26 121.171999931
2034.74556909 658.430275521 -0.25 122.171999931
1700.1162239 648.576435533 -0.24 123.172999859
1381.77525439 638.64251555 -0.23 124.173999786
1079.63593697 628.628595567 -0.22 125.173999786
793.591834177 618.534595571 -0.21 126.174999952
523.526212407 608.360595574 -0.2 127.174999952
269.302872489 598.106515584 -0.19 128.17599988
30.774411791 587.772435594 -0.18 129.17599988
0 538.305555639 0 130.17599988
0.0 488.458675685 0 131.17599988
0.0 438.231415758 0 132.176999807
0.0 387.624155831 0 133.176999807
0.0 336.636895905 0 134.176999807
0.0 296.083495913 0 135.177999973
0.0 255.228295979 0 136.183999777
0.0 214.073096046 0 137.183999777
0.0 172.617596064 0 138.184999943
0.0 130.862096081 0 139.184999943
0.0 88.8062961197 0 140.18599987
0.0 46.4504961586 0 141.18599987
0.0 3.79469619751 0 142.18599987
0.0 0 0 143.186999798
0.0 0 0 144.191999912
